10x10.png (10-by-10 image)

The table gives the dual-gradient energies of each pixel.
The asterisks denote a minimum energy vertical or horizontal seam.

Vertical seam: { 8 7 7 7 7 8 9 8 7 7 }
 335.29   197.20   231.08   194.09   222.00   226.00   244.63   260.37   169.43*  254.98  
 275.95   136.73   272.84   254.64   280.20   178.56   236.84   128.93*  172.62   248.20  
 183.01   222.06   156.22   186.79   208.01   171.06   295.56   125.46*  259.00   231.78  
 248.53   228.47   252.25   168.24   164.97   127.18   209.46   202.49*  229.03   232.27  
 260.02   293.85   274.51   217.81   165.63   175.67   223.37   194.78*  243.35   217.28  
 117.69   208.68   294.31   243.53   161.69   253.29   236.73   217.57   221.35*  197.18  
 335.71   318.51   222.38   240.88   239.79   220.45   259.36   269.76   264.14   200.68* 
 271.41   225.20   270.73   187.06   197.58   165.59   255.09   276.89   124.04*  298.57  
 259.57   222.50   204.43   252.65   270.87   199.05   324.13    90.64*  245.94   248.36  
 272.10   324.87   216.40   218.43   177.66   174.61   178.31   125.05*  228.36   240.44  
Total energy = 1582.861250


Horizontal seam: { 2 1 2 3 3 3 3 2 1 2 }
 335.29   197.20   231.08   194.09   222.00   226.00   244.63   260.37   169.43   254.98  
 275.95   136.73*  272.84   254.64   280.20   178.56   236.84   128.93   172.62*  248.20  
 183.01*  222.06   156.22*  186.79   208.01   171.06   295.56   125.46*  259.00   231.78* 
 248.53   228.47   252.25   168.24*  164.97*  127.18*  209.46*  202.49   229.03   232.27  
 260.02   293.85   274.51   217.81   165.63   175.67   223.37   194.78   243.35   217.28  
 117.69   208.68   294.31   243.53   161.69   253.29   236.73   217.57   221.35   197.18  
 335.71   318.51   222.38   240.88   239.79   220.45   259.36   269.76   264.14   200.68  
 271.41   225.20   270.73   187.06   197.58   165.59   255.09   276.89   124.04   298.57  
 259.57   222.50   204.43   252.65   270.87   199.05   324.13    90.64   245.94   248.36  
 272.10   324.87   216.40   218.43   177.66   174.61   178.31   125.05   228.36   240.44  
Total energy = 1675.680600


