10x12.png (10-by-12 image)

The table gives the dual-gradient energies of each pixel.
The asterisks denote a minimum energy vertical or horizontal seam.

Vertical seam: { 7 6 7 8 7 7 6 7 6 5 6 6 }
 197.81   210.53   257.47   216.89   251.25   196.77   268.14   152.28*  246.05   241.81  
 288.58   240.62   292.78   320.53   185.55   305.62   159.69*  161.62   366.74   190.32  
 226.96   247.56   239.13   195.53   396.11   201.33   361.44   137.42*  367.37   255.52  
 283.61   233.73   327.19   246.50   297.07   162.33   313.34   217.56   168.60*  300.77  
 195.38   300.42   287.60   160.17   202.42   183.39   255.48   185.13*  274.07   201.33  
 173.83   172.03   332.95   310.91   261.59   256.41   336.62   208.83*  294.53   287.63  
 246.04   225.59   305.63   255.04   290.28   330.91   168.86*  306.67   308.72   217.35  
 267.19   191.09   303.98   357.68   325.97   190.14   399.23   154.37*  211.17   312.31  
 215.88   222.09   295.81   300.13   192.02   393.83   174.18*  301.72   305.05   206.19  
 278.08   222.27   208.55   277.39   291.47   122.20*  306.35   302.58   150.10   239.96  
 250.06   228.98   161.87   159.87   259.12   265.67   119.75*  185.11   259.96   137.49  
 266.30   252.49   160.62   160.71   185.85   253.09   163.53*  197.09   319.10   252.30  
Total energy = 1914.835993


Horizontal seam: { 8 9 10 10 10 9 10 10 9 10 }
 197.81   210.53   257.47   216.89   251.25   196.77   268.14   152.28   246.05   241.81  
 288.58   240.62   292.78   320.53   185.55   305.62   159.69   161.62   366.74   190.32  
 226.96   247.56   239.13   195.53   396.11   201.33   361.44   137.42   367.37   255.52  
 283.61   233.73   327.19   246.50   297.07   162.33   313.34   217.56   168.60   300.77  
 195.38   300.42   287.60   160.17   202.42   183.39   255.48   185.13   274.07   201.33  
 173.83   172.03   332.95   310.91   261.59   256.41   336.62   208.83   294.53   287.63  
 246.04   225.59   305.63   255.04   290.28   330.91   168.86   306.67   308.72   217.35  
 267.19   191.09   303.98   357.68   325.97   190.14   399.23   154.37   211.17   312.31  
 215.88*  222.09   295.81   300.13   192.02   393.83   174.18   301.72   305.05   206.19  
 278.08   222.27*  208.55   277.39   291.47   122.20*  306.35   302.58   150.10*  239.96  
 250.06   228.98   161.87*  159.87*  259.12*  265.67   119.75*  185.11*  259.96   137.49* 
 266.30   252.49   160.62   160.71   185.85   253.09   163.53   197.09   319.10   252.30  
Total energy = 1733.669645


