12x10.png (12-by-10 image)

The table gives the dual-gradient energies of each pixel.
The asterisks denote a minimum energy vertical or horizontal seam.

Vertical seam: { 8 7 7 6 6 7 7 7 8 9 }
 214.65   370.16   352.54   123.73   292.99   377.07   250.09   360.64   177.86*  251.91   317.36   323.37  
 206.57   218.03   149.70   244.34   283.24   154.42   356.60   155.00*  218.34   283.59   127.79   236.84  
 188.16   302.49   251.81   374.68   267.69   254.96   212.97   173.89*  268.38   198.94   326.78   150.92  
 233.26   211.42   343.91   253.05   261.13   249.92   211.04*  289.04   269.88   334.67   210.63   229.30  
 289.13   278.44   201.02   251.05   290.57   453.32   184.53*  231.94   265.70   256.80   189.91   188.73  
 222.84   299.81   218.19   230.37   229.30   279.72   237.31   203.21*  259.03   230.00   330.31   204.15  
 299.49   248.94   325.12   158.91   212.26   213.61   259.53   114.91*  138.97   309.96   194.41   315.97  
 211.65   294.15   198.64   194.50   184.68   326.50   297.71    99.89*  343.30   267.94   251.26   238.43  
 220.78   219.97   253.51   150.86   268.54   259.28   227.65   311.86   168.54*  217.37   219.49   261.25  
 189.79   293.41   249.29   194.22   273.62   291.77   241.64   230.65   362.22   216.15*  220.02   281.15  
Total energy = 1705.012626


Horizontal seam: { 2 1 1 0 1 1 2 1 1 2 1 2 }
 214.65   370.16   352.54   123.73*  292.99   377.07   250.09   360.64   177.86   251.91   317.36   323.37  
 206.57   218.03*  149.70*  244.34   283.24*  154.42*  356.60   155.00*  218.34*  283.59   127.79*  236.84  
 188.16*  302.49   251.81   374.68   267.69   254.96   212.97*  173.89   268.38   198.94*  326.78   150.92* 
 233.26   211.42   343.91   253.05   261.13   249.92   211.04   289.04   269.88   334.67   210.63   229.30  
 289.13   278.44   201.02   251.05   290.57   453.32   184.53   231.94   265.70   256.80   189.91   188.73  
 222.84   299.81   218.19   230.37   229.30   279.72   237.31   203.21   259.03   230.00   330.31   204.15  
 299.49   248.94   325.12   158.91   212.26   213.61   259.53   114.91   138.97   309.96   194.41   315.97  
 211.65   294.15   198.64   194.50   184.68   326.50   297.71    99.89   343.30   267.94   251.26   238.43  
 220.78   219.97   253.51   150.86   268.54   259.28   227.65   311.86   168.54   217.37   219.49   261.25  
 189.79   293.41   249.29   194.22   273.62   291.77   241.64   230.65   362.22   216.15   220.02   281.15  
Total energy = 2181.234900


