7x10.png (7-by-10 image)

The table gives the dual-gradient energies of each pixel.
The asterisks denote a minimum energy vertical or horizontal seam.

Vertical seam: { 4 3 4 3 4 3 3 2 2 1 }
 344.42   126.25   303.36   212.17   164.64*  237.46   296.24  
 274.72   183.54   295.55   193.89*  205.60   294.62   199.59  
 178.28   255.25   274.19   302.82   170.77*  306.23   382.94  
 312.33   253.63   258.40   174.81*  389.01   231.09   284.88  
 213.64   319.87   253.40   353.10   253.29*  369.46   133.43  
 251.43   244.46   339.17   113.74*  245.15   285.13   261.79  
 220.43   281.78   293.41   260.67*  200.70   227.75   299.64  
 237.01   161.37    72.79*  263.82   290.37   282.19   205.91  
 272.15   258.97   203.24*  293.78   169.46   230.88   179.80  
 297.54   137.91*  279.76   264.47   300.23   119.01   342.91  
Total energy = 1745.743172


Horizontal seam: { 6 7 7 7 8 9 8 }
 344.42   126.25   303.36   212.17   164.64   237.46   296.24  
 274.72   183.54   295.55   193.89   205.60   294.62   199.59  
 178.28   255.25   274.19   302.82   170.77   306.23   382.94  
 312.33   253.63   258.40   174.81   389.01   231.09   284.88  
 213.64   319.87   253.40   353.10   253.29   369.46   133.43  
 251.43   244.46   339.17   113.74   245.15   285.13   261.79  
 220.43*  281.78   293.41   260.67   200.70   227.75   299.64  
 237.01   161.37*   72.79*  263.82*  290.37   282.19   205.91  
 272.15   258.97   203.24   293.78   169.46*  230.88   179.80* 
 297.54   137.91   279.76   264.47   300.23   119.01*  342.91  
Total energy = 1186.667406


