diagonals.png (9-by-12 image)

The table gives the dual-gradient energies of each pixel.
The asterisks denote a minimum energy vertical or horizontal seam.

Vertical seam: { 0 0 0 0 0 0 0 0 0 0 0 0 }
 441.67*  624.62   624.62   624.62   624.62   624.62   624.62   624.62   624.62  
 624.62*  624.62   624.62   624.62   624.62   624.62   624.62   624.62   441.67  
 441.67*  624.62   624.62   624.62   624.62   624.62   624.62   624.62   624.62  
 624.62*  624.62   624.62   624.62   624.62   624.62   624.62   624.62   441.67  
 441.67*  624.62   624.62   624.62   624.62   624.62   624.62   624.62   624.62  
 624.62*  624.62   624.62   624.62   624.62   624.62   624.62   624.62   441.67  
 441.67*  624.62   624.62   624.62   624.62   624.62   624.62   624.62   624.62  
 624.62*  624.62   624.62   624.62   624.62   624.62   624.62   624.62   441.67  
 441.67*  624.62   624.62   624.62   624.62   624.62   624.62   624.62   624.62  
 624.62*  624.62   624.62   624.62   624.62   624.62   624.62   624.62   441.67  
 441.67*  624.62   624.62   624.62   624.62   624.62   624.62   624.62   624.62  
 624.62*  624.62   624.62   624.62   624.62   624.62   624.62   624.62   441.67  
Total energy = 6397.757042


Horizontal seam: { 0 0 0 0 0 0 0 0 1 }
 441.67*  624.62*  624.62*  624.62*  624.62*  624.62*  624.62*  624.62*  624.62  
 624.62   624.62   624.62   624.62   624.62   624.62   624.62   624.62   441.67* 
 441.67   624.62   624.62   624.62   624.62   624.62   624.62   624.62   624.62  
 624.62   624.62   624.62   624.62   624.62   624.62   624.62   624.62   441.67  
 441.67   624.62   624.62   624.62   624.62   624.62   624.62   624.62   624.62  
 624.62   624.62   624.62   624.62   624.62   624.62   624.62   624.62   441.67  
 441.67   624.62   624.62   624.62   624.62   624.62   624.62   624.62   624.62  
 624.62   624.62   624.62   624.62   624.62   624.62   624.62   624.62   441.67  
 441.67   624.62   624.62   624.62   624.62   624.62   624.62   624.62   624.62  
 624.62   624.62   624.62   624.62   624.62   624.62   624.62   624.62   441.67  
 441.67   624.62   624.62   624.62   624.62   624.62   624.62   624.62   624.62  
 624.62   624.62   624.62   624.62   624.62   624.62   624.62   624.62   441.67  
Total energy = 5255.685103


