stripes.png (9-by-12 image)

The table gives the dual-gradient energies of each pixel.
The asterisks denote a minimum energy vertical or horizontal seam.

Vertical seam: { 0 0 0 0 0 0 0 0 0 0 0 0 }
 441.67*  441.67   441.67   441.67   441.67   441.67   441.67   441.67   441.67  
 441.67*  441.67   441.67   441.67   441.67   441.67   441.67   441.67   441.67  
 441.67*  441.67   441.67   441.67   441.67   441.67   441.67   441.67   441.67  
 441.67*  441.67   441.67   441.67   441.67   441.67   441.67   441.67   441.67  
 441.67*  441.67   441.67   441.67   441.67   441.67   441.67   441.67   441.67  
 441.67*  441.67   441.67   441.67   441.67   441.67   441.67   441.67   441.67  
 441.67*  441.67   441.67   441.67   441.67   441.67   441.67   441.67   441.67  
 441.67*  441.67   441.67   441.67   441.67   441.67   441.67   441.67   441.67  
 441.67*  441.67   441.67   441.67   441.67   441.67   441.67   441.67   441.67  
 441.67*  441.67   441.67   441.67   441.67   441.67   441.67   441.67   441.67  
 441.67*  441.67   441.67   441.67   441.67   441.67   441.67   441.67   441.67  
 441.67*  441.67   441.67   441.67   441.67   441.67   441.67   441.67   441.67  
Total energy = 5300.075471


Horizontal seam: { 0 0 0 0 0 0 0 0 0 }
 441.67*  441.67*  441.67*  441.67*  441.67*  441.67*  441.67*  441.67*  441.67* 
 441.67   441.67   441.67   441.67   441.67   441.67   441.67   441.67   441.67  
 441.67   441.67   441.67   441.67   441.67   441.67   441.67   441.67   441.67  
 441.67   441.67   441.67   441.67   441.67   441.67   441.67   441.67   441.67  
 441.67   441.67   441.67   441.67   441.67   441.67   441.67   441.67   441.67  
 441.67   441.67   441.67   441.67   441.67   441.67   441.67   441.67   441.67  
 441.67   441.67   441.67   441.67   441.67   441.67   441.67   441.67   441.67  
 441.67   441.67   441.67   441.67   441.67   441.67   441.67   441.67   441.67  
 441.67   441.67   441.67   441.67   441.67   441.67   441.67   441.67   441.67  
 441.67   441.67   441.67   441.67   441.67   441.67   441.67   441.67   441.67  
 441.67   441.67   441.67   441.67   441.67   441.67   441.67   441.67   441.67  
 441.67   441.67   441.67   441.67   441.67   441.67   441.67   441.67   441.67  
Total energy = 3975.056603


